8400.06656338
299.893695265
42050.0192596
570400.064793
947150.014109
846499.942873
740899.939015
453150.08051
356750.050072
399650.009396
1949100.07114
2295650.06591
537599.912262
1043500.14331
858049.783812
660549.901542
378700.188982
273249.850436
263549.95025
268700.024714
392749.837809
3120899.91302
804050.043117
13850.2069255
307850.0746
585250.001925
469400.102937
544199.950285
845949.960288
715349.956163
411099.863959
435050.034089
1742949.91186
2530650.06003
